array([[ 0.00000000e+00,  1.00000000e+00,  0.00000000e+00, 0.00000000e+00,  2.50000000e-01, -6.66666667e-01, 8.33333333e-02,  2.50000000e-01,  6.66666667e-01, 8.33333333e-02, -2.50000000e-01,  2.50000000e-01, 1.41666667e+00],
       [ 0.00000000e+00,  0.00000000e+00,  0.00000000e+00, 1.00000000e+00,  1.25000000e-01,  0.00000000e+00, 3.75000000e-01, -3.75000000e-01,  0.00000000e+00, 3.75000000e-01, -1.25000000e-01, -3.75000000e-01, 2.37500000e+00],
       [ 1.00000000e+00,  0.00000000e+00,  0.00000000e+00, 0.00000000e+00, -3.75000000e-01,  0.00000000e+00,-1.25000000e-01,  1.25000000e-01,  0.00000000e+00,-1.25000000e-01,  3.75000000e-01,  1.25000000e-01, 8.75000000e-01],
       [ 0.00000000e+00,  0.00000000e+00,  1.00000000e+00,
 0.00000000e+00, -1.25000000e-01,  3.33333333e-01,
-4.16666667e-02,  3.75000000e-01, -3.33333333e-01,
-4.16666667e-02,  1.25000000e-01,  3.75000000e-01,
 2.91666667e-01],
       [ 0.00000000e+00,  0.00000000e+00,  0.00000000e+00,
 0.00000000e+00,  2.22044605e-16,  0.00000000e+00,
 0.00000000e+00,  0.00000000e+00,  1.00000000e+00,
 1.00000000e+00,  1.00000000e+00,  1.00000000e+00,
 1.77635684e-15]])